125 503 141 311
127 696 129 504
135 888 123 697
183 819 176 631
208 469 227 283
215 509 231 323
286 403 309 223
300 661 303 481
326 520 340 342
336 534 349 357
349 455 368 279
349 455 368 279
369 395 392 220
402 393 426 220
418 805 410 632
441 596 449 426
448 670 450 501
461 441 480 273
467 201 506 34
496 1014 472 846
504 566 513 400
529 595 536 431
694 449 712 297
809 385 831 241
823 569 831 426
886 333 912 195
1024 360 1048 232
1024 360 1048 232
1111 664 1110 540
1117 842 1103 718
1117 842 1103 718
1145 507 1157 386
1163 299 1191 181
1164 314 1191 196
1211 542 1219 426
1371 496 1383 391
1376 501 1387 397
1376 501 1387 397
1416 645 1416 543
1421 415 1439 314
1447 432 1463 334
1491 394 1510 299
1622 447 1637 361
1638 432 1654 347
1736 737 1727 656
1770 681 1766 604
1784 662 1782 587
1784 662 1782 587
1812 653 1811 579
